Gene Symbol,P.Value_Dlab,P.Value_IPX,P.Value_Dlab_var,P.Value_IPX_var
SAA1,1.5503586051232419,0.6153307394079427,1.276682503205071,1.790846243487084
BCHE,0.3811420612565879,0.13191669921967636,1.0422435892748199,1.6044151693949602
ALB,2.881595052177909,0.5461663252316155,2.881595052177909,1.5461663175946534
SERPINC1,0.4045033538005836,3.347837817751576,2.115601854534383,1.3874361002751583
PF4,0.34934552869981816,2.9209030876519395,1.0583870417798222,2.8315664573455748
MB,0.38809272707909614,0.18837085210794982,1.3553476642016393,1.9226176305881906
SIGLEC1,0.8778564271246087,0.03036143274285189,1.9040297740321854,1.7345453170200646
VWF,0.44134466739565453,2.861788592231678,1.3163323732709458,2.2933301718821437
TGFBI,0.2849023934380546,0.6338597549419572,1.3249074869369377,5.224025668870631
S100A9,1.3645218125921637,1.326832527081563,1.2899660900934522,1.3197045904097464
GFAP,1.11150852168141,4.655607726314889,1.3555539655477142,4.294992040666664
C5,6.092051478387727,4.245651664288981,1.4362704766803216,2.0338249335043384
AOC3,0.7257353551466073,0.06905248351985889,3.312173287988129,1.6460088169738374
SELENOP,5.265200170411153,2.7522132504109016,1.3787405037384417,1.5816150901787163
S100A8,1.5741104685478482,0.6777807052660807,1.4243343937179513,1.676556914151137
